# 合成データ（架空）
STARTB
24BBGN
ボートレース大村　2026年  9月  1日

 1R 予選 H1800m  12:00
1 1234架空選手 30長崎55B1 5.00 30.00 4.00 20.00 50 30.00 60 35.00
2 2345試験選手 32福岡56A2 6.00 40.00 5.00 30.00 51 31.00 61 36.00
3 3456見本選手 34佐賀54B1 4.50 25.00 4.20 22.00 52 32.00 62 37.00
4 4567仮名選手 36熊本55B2 3.50 18.00 3.20 15.00 53 33.00 63 38.00
5 5678標本選手 38大分56A1 7.00 50.00 6.00 40.00 54 34.00 64 39.00
6 6789合成選手 40宮崎54B1 4.00 22.00 3.50 18.00 55 35.00 65 40.00

 2R 予選 H1800m  12:30
1 1123架空選手 31長崎55B1 5.10 30.10 4.10 20.10 50 30.10 60 35.10
2 2234試験選手 33福岡56A2 6.10 40.10 5.10 30.10 51 31.10 61 36.10
3 3345見本選手 35佐賀54B1 4.60 25.10 4.30 22.10 52 32.10 62 37.10
4 4456仮名選手 37熊本55B2 3.60 18.10 3.30 15.10 53 33.10 63 38.10
5 5567標本選手 39大分56A1 7.10 50.10 6.10 40.10 54 34.10 64 39.10
6 6678合成選手 41宮崎54B1 4.10 22.10 3.60 18.10 55 35.10 65 40.10
